                                                  
                                                  
                                                  
                                                  
                                                  
                                                  
                                                  
                                                  
                                                  
                                                  
                             4                    
           )                                      
          000                       4             
        000100                                    
       001111000              4                   
      001166611000                                
      1116666611100                 4             
       666666666666                               
         666  666                          4      
          6    6                           3      
                                           3     4
       44444444444444                      3      
                   *                       34     
       22222525252222                      3      
       23333333333332                      3     4
4                                          3      
                                           35554  
      4                                    33333  
                                              3  4
4                                             3   
                                           35 34  
     4                               *     33 3   
                                 22222222553  3  4
0                                33333333333  3   
1                                  333333 3   34  
1    000                             3333 3 453   
100000100                             33  3 333  4
111111110                              3  3       
6666666100                                33333333
6666666110                                        
66666666100                                       
666666661100                                      
666666666666         4444444                      
666666666       444444     444                    
 666 6        444                                 
 66           4     *               2             
  6  4444444444 44444444444        22             
    4           433333333344                      
44444 *   445545433333333                         
      4555443333333333                            
  444433333333333333                              
     4443333333333                                
  44   4443333333                                 
55344    444333                                   
4444444    44             *                       
      444           0000000 00000                 
        444       000111111  11100000             
              00000116666666 661111100            
              01111666666666      66100           
             0011166666666666656  6661000         
             01116666666666  666  66661100        
             0111666666666    66 66666611000      
            00116666666666    6  66666661110      
            0116666666666     6 666 666661100     
            116666666666        6     6661110     
            666663366666       46      6661100    
            666   3666 6        6       666110    
            6     366  6       46       6666664   
                  36            6        66666    
                  3            46         66664   
                  3           *                   
                  3444                2222 4 22222
                  3                          33333
                            2222              3333
                  322                          333
               4  3                             33
                                                  
        4         4                               
                                                  
00*               3                               
100               3                               
110000      4     4       222                     
611111                            34              
666666            4               3               
 6666                *            34              
  66                 4            3               
   6                              34              
  66                              3               
                      4444        34              
                      433                         
                      43               44 *       
                      43                 444      
    ( 0000000000     44                           
   00001111111100                             4444
 000111166666611000                           4   
 1111666666666611100                    4444444   
 6666666666666666111            4       333       
  666666666666666666         444355555553333      
    66  66 666666         4444333333333333333     
            666                 33333333333333    
